27817,720000.5646,1.1995987,-0.636111,0.5660113
27818,720026.1325,1.2098361,-0.613027,0.5705624
27819,720051.7004,1.221382,-0.6169636,0.5529461
27820,720077.2679,1.214442,-0.602758,0.5721527
27821,720102.8365,1.1987836,-0.6381729,0.5654255
27822,720128.4048,1.2256598,-0.6216891,0.5436875
27823,720153.9727,1.2236953,-0.6227458,0.5454824
27824,720179.5712,1.2195065,-0.6327638,0.5431628
27825,720205.6092,1.2195065,-0.6327638,0.5431628
27826,720231.1774,1.1622072,-0.7433238,0.5160242
27827,720256.7464,1.1622072,-0.7433238,0.5160242
27828,720282.315,1.2817356,-0.6415885,0.4403283
27829,720308.3825,1.2800212,-0.6315306,0.4531535
27830,720333.9504,1.2689686,-0.668803,0.4346388
27831,720369.545,1.2808892,-0.640972,0.4424431
27832,720395.1133,1.2721075,-0.6593576,0.4391362
27833,720420.6822,1.2749144,-0.6281464,0.4649714
27834,720446.7522,1.316552,-0.5784242,0.4359335
27835,720472.3191,1.2807142,-0.6286987,0.4546457
27836,720497.8866,1.3031285,-0.5867517,0.4532194
27837,720523.4556,1.3106787,-0.7500226,0.4693445
27838,720549.0238,1.2849818,-0.8570559,0.4182145
27839,720574.5914,1.3628127,-0.7892684,0.322528
27840,720600.1596,1.3874096,-0.7608977,0.2868055
27841,720625.7265,1.4166506,-0.7306308,0.2245772
27842,720651.2944,1.4166506,-0.7306308,0.2245772
27843,720676.864,1.4166506,-0.7306308,0.2245772
27844,720702.4326,1.4166506,-0.7306308,0.2245772
27845,720732.0094,1.4166506,-0.7306308,0.2245772
27846,720758.0784,1.4166506,-0.7306308,0.2245772
27847,720783.6474,1.4166506,-0.7306308,0.2245772
27848,720809.2145,1.4166506,-0.7306308,0.2245772
27849,720834.7824,1.4166506,-0.7306308,0.2245772
27850,720860.3507,1.4166506,-0.7306308,0.2245772
27851,720886.4211,1.3436188,-0.9243236,0.1157244
27852,720911.9879,1.3402311,-0.9322124,0.1037387
27853,720937.5555,1.2757375,-1.030864,0.01555139
27854,720963.1237,1.2453548,-1.0666192,0.008061051
27855,720988.6916,1.2453548,-1.0666192,0.008061051
27856,721014.2599,1.2453548,-1.0666192,0.008061051
27857,721039.8278,1.2072828,-1.1067814,-0.01452804
27858,721065.396,1.2201085,-1.093839,-0.005584061
27859,721105.503,1.1867902,-1.1267993,-0.009061277
27860,721131.0706,1.1867902,-1.1267993,-0.009061277
27861,721156.6385,1.1758763,-1.1368048,-0.0176
27862,721182.2071,1.2230413,-1.0907826,0.005544126
27863,721207.7753,1.1884364,-1.1252966,0.000398755
27864,721233.3432,1.1936695,-1.120224,0.009998858
27865,721258.9111,1.2027325,-1.1114195,0.007051289
27866,721284.4794,1.1986806,-1.1154297,-0.002470434
27867,721310.0483,1.2015426,-1.1126008,0.00616616
27868,721335.6141,1.1861585,-1.1273691,0.01098722
27869,721361.1823,1.1703827,-1.1420152,0.00074178
27870,721386.7509,1.1741581,-1.1385739,0.004414558
27871,721412.8206,1.184849,-1.1284377,0.01899266
27872,721438.3882,1.1797723,-1.1333574,0.009818912
27873,721463.9564,1.1811318,-1.1321591,-0.001571953
27874,721501.0552,1.1867982,-1.1263823,0.02602404
27875,721526.6231,1.1958867,-1.1179097,0.01863742
27876,721552.1903,1.1788664,-1.1339106,0.02270782
27877,721577.7586,1.1831482,-1.1298354,0.0254761
27878,721603.3279,1.2233293,-1.089815,0.03082728
27879,721628.894,1.1781791,-1.1342201,0.0315274
27880,721654.463,1.2186761,-1.0946034,0.03210515
27881,721680.0298,1.2177402,-1.09529,0.0376963
27882,721705.5988,1.1986606,-1.1151128,0.02207136
27883,721731.1674,1.2444041,-1.0659257,0.04904765
27884,721756.7339,1.3129452,-0.9732101,0.1027152
27885,721782.3018,1.3181476,-0.9601001,0.1300859
27886,721807.8785,1.3177556,-0.9617145,0.1255107
27887,721840.9673,1.3148875,-0.9648128,0.1301721
27888,721866.5335,1.3457504,-0.9196697,0.1210371
27889,721892.1028,1.3255898,-0.9471038,0.1381261
27890,721917.7003,1.3528308,-0.9027063,0.141301
27891,721943.2379,1.3528308,-0.9027063,0.141301
27892,721968.8068,1.3888628,-0.7736575,0.2651474
27893,721994.3737,1.3888628,-0.7736575,0.2651474
27894,722019.9426,1.4641502,-0.4535589,0.2598958
27895,722045.5095,1.4622154,-0.46761763,0.2637606
27896,722071.0788,1.4624438,-0.427683,0.2700661
27897,722097.1481,1.4644728,-0.43506614,0.2618441
27898,722122.7157,1.4602708,-0.4541152,0.2737728
27899,722148.2835,1.456772,-0.48428225,0.2783594
27900,722173.8514,1.455649,-0.49361991,0.2792318
27901,722205.9378,1.4531184,-0.48160333,0.2913869
27902,722231.5047,1.4517633,-0.49067997,0.2931271
27903,722257.0733,1.4538313,-0.49944898,0.2834005
27904,722282.6412,1.4522473,-0.48596048,0.2929778
27905,722308.2091,1.4540636,-0.2597403,0.2647447
27906,722333.7759,1.4383065,-0.1641841,0.2529268
27907,722359.3445,1.4511157,-0.2247381,0.2542878
27908,722384.9121,1.4455689,-0.2269815,0.2756163
27909,722410.481,1.4505216,-0.2588287,0.2767298
27910,722436.0489,1.4521964,-0.2545103,0.2686164
27911,722461.6161,1.4512392,-0.2691045,0.2793034
27912,722487.1854,1.4469384,-0.2779918,0.2973576
27913,722512.7519,1.4476909,-0.2798981,0.2957326
27914,722538.3201,1.4467466,-0.2821637,0.2996422
27915,722569.9037,1.4476502,-0.2804174,0.2960729
27916,722595.973,1.4415706,-0.2829686,0.3158301
27917,722621.5416,1.4459745,-0.2889714,0.3046393
27918,722647.1109,1.442319,-0.2796657,0.3123372
27919,722672.6771,1.4425429,-0.2754022,0.3099811
27920,722698.246,1.437613,-0.2817425,0.3269507
27921,722723.8312,1.4365351,-0.2796213,0.329258
27922,722749.4005,1.4327416,-0.2767493,0.3388252
27923,722774.968,1.4319873,-0.2851036,0.3438004
27924,722800.5363,1.4296421,-0.2873103,0.3508087
27925,722826.1031,1.4280334,-0.280835,0.352922
27926,722851.6728,1.4263142,-0.2835826,0.3583142
27927,722877.2393,1.4260867,-0.2858549,0.359631
27928,722902.8089,1.424269,-0.2852014,0.3640717
27929,722928.3754,1.4194489,-0.2737655,0.3723963
27930,722954.4448,1.4194489,-0.2737655,0.3723963
27931,722980.0141,1.4170657,-0.2689441,0.376583
27932,723005.582,1.4166157,-0.2744437,0.379541
27933,723031.1499,1.4129079,-0.268613,0.386441
27934,723056.7171,1.4115284,-0.2682965,0.3895771
27935,723082.2846,1.4110265,-0.2629866,0.388919
27936,723107.8528,1.4091637,-0.2669136,0.3946003
27937,723133.4211,1.4079452,-0.2672907,0.397522
27938,723158.9886,1.4117324,-0.2677828,0.3889251
27939,723184.5565,1.4030754,-0.2745477,0.4107511
27940,723210.1248,1.3434485,-0.33776983,0.5335936
27941,723235.6923,1.284251,-0.395100638,0.6204244
27942,723261.2606,1.2225609,-0.42793469,0.6907427
27943,723286.8292,1.211336,-0.42686561,0.7023386
27944,723312.3967,1.1696754,-0.41584387,0.7424848
27945,723337.9643,1.1799966,-0.43297311,0.7324734
27946,723363.5329,1.1480315,-0.42781581,0.7611052
27947,723389.1004,1.1566397,-0.43044963,0.7535895
27948,723414.6694,1.1514894,-0.41828822,0.7584373
27949,723440.2362,1.161096,-0.41228949,0.7502006
27950,723465.8041,1.1654887,-0.4040261,0.746397
27951,723491.3724,1.1550246,-0.405942225,0.755584
27952,723516.9406,1.1630167,-0.409997144,0.748538
27953,723542.5085,1.1600958,-0.411013,0.7511008
27954,723568.0764,1.1658033,-0.408282334,0.7460814
27955,723593.6447,1.1773354,-0.407945657,0.7356315
27956,723619.2126,1.1830946,-0.401507685,0.7303284
27957,723644.7798,1.1922105,-0.401371697,0.7216944
27958,723670.3484,1.196906,-0.40229843,0.7171588
27959,723695.9166,1.2047888,-0.407032618,0.7093824
27960,723721.4838,1.2006692,-0.407633135,0.7134454
27961,723747.0524,1.2083396,-0.41688191,0.7056699
27962,723772.6203,1.3163886,-0.46379534,0.5739685
27963,723798.1886,1.3485845,-0.2662964,0.5118864
27964,723823.7558,1.3485845,-0.2662964,0.5118864
27965,723849.3244,1.3485845,-0.2662964,0.5118864
27966,723874.8919,1.4419913,-0.31713928,0.3252483
27967,723900.4609,1.4639843,-0.32025964,0.2537243
27968,723926.0284,1.4557256,-0.2692279,0.2636046
27969,723951.2818,1.4591539,-0.30975744,0.2681048
27970,723976.85,1.457835,-0.287888,0.2645434
27971,724002.4172,1.4568235,-0.2940239,0.2706624
27972,724027.9855,1.4544327,-0.2938259,0.2789
27973,724053.5537,1.4545398,-0.2950947,0.2790136
27974,724079.1213,1.458558,-0.298251,0.2661085
27975,724104.6899,1.4591164,-0.2985145,0.2641907
27976,724130.2578,1.4613668,-0.2980428,0.2556925
27977,724155.825,1.4604637,-0.30221114,0.2606665
27978,724181.3936,1.4613935,-0.30373706,0.2577904
27979,724206.9622,1.4608172,-0.2954863,0.2567242
27980,724232.529,1.4603134,-0.2960048,0.2588114
27981,724258.0976,1.4616729,-0.2904946,0.2513838
27982,724283.6666,1.4625068,-0.2918602,0.2487699
27983,724309.2331,1.4582314,-0.32706917,0.276539
27984,724334.801,1.4595816,-0.32008711,0.2698463
27985,724360.3692,1.45923,-0.32385061,0.2721747
27986,724385.7629,1.4580666,-0.3231772,0.2760558
27987,724421.3578,1.4570434,-0.32799737,0.2808621
27988,724446.9261,1.456135,-0.30912373,0.278473
27989,724472.4947,1.456772,-0.31240865,0.2773355
27990,724498.0619,1.4565567,-0.30682784,0.2762576
27991,724523.6301,1.4569798,-0.30261215,0.2733229
27992,724549.1984,1.4588976,-0.31855524,0.2718129
27993,724574.7656,1.4589431,-0.31817173,0.2715369
27994,724600.3338,1.4565352,-0.31295177,0.2783216
27995,724625.9017,1.4567457,-0.31816158,0.2791777
27996,724651.4696,1.4549778,-0.31687861,0.2847951
27997,724677.0379,1.4546232,-0.31743372,0.2861427
27998,724702.6061,1.4539369,-0.32584416,0.2906976
27999,724728.1737,1.4538234,-0.31986012,0.2894796
28000,724753.7423,1.4531652,-0.30522648,0.2872178
28001,724788.8351,1.4514434,-0.30922555,0.2941354
28002,724814.403,1.453742,-0.30809847,0.2862347
28003,724839.9709,1.4536428,-0.30815847,0.2865842
28004,724865.5391,1.4529314,-0.31837002,0.2919903
28005,724891.1074,1.4516162,-0.31925025,0.2964895
28006,724916.6756,1.4483876,-0.30573227,0.302778
28007,724942.2428,1.4461632,-0.30151079,0.3083422
28008,724967.8114,1.4477839,-0.30812791,0.3053936
28009,724993.3789,1.4488311,-0.30946144,0.3025267
28010,725018.9472,1.4480039,-0.313605,0.3063077
28011,725044.5154,1.4455693,-0.30771876,0.3120621
28012,725070.0826,1.4452597,-0.30530542,0.3122768
28013,725095.6512,1.4423949,-0.2987991,0.3188266
28014,725121.2191,1.4425866,-0.30281228,0.3195075
28015,725146.787,1.4409272,-0.2987059,0.323103
28016,725172.3553,1.4416587,-0.2986723,0.3209541
28017,725197.9228,1.4410507,-0.2934991,0.3210629
28018,725223.4907,1.4381585,-0.2937753,0.3295071
28019,725249.059,1.4392223,-0.2895351,0.3250524
28020,725274.6265,1.4384367,-0.2937801,0.3287156
28021,725300.1948,1.4360019,-0.2939562,0.3356417
28022,725325.763,1.4351538,-0.290629,0.3369352
28023,725351.3313,1.4341338,-0.292764,0.340433
28024,725376.8992,1.4312898,-0.2900753,0.3472983
28025,725402.4667,1.431008,-0.2810519,0.3450733
28026,725428.035,1.4275206,-0.2735493,0.3517326
28027,725453.6029,1.4306569,-0.2809144,0.3459716
28028,725479.1708,1.425001,-0.2720075,0.3577585
28029,725504.739,1.4230738,-0.2695822,0.3618367
28030,725531.3101,1.4275874,-0.2773504,0.3529001
28031,725556.8773,1.4249216,-0.2880474,0.3632997
28032,725582.4456,1.4266262,-0.291349,0.3599432
28033,725608.5152,1.4266409,-0.2954267,0.3611107
28034,725634.0824,1.4281551,-0.31019244,0.3611964
28035,725659.651,1.4236948,-0.33851602,0.3781636
28036,725685.2193,1.4219294,-0.34713981,0.3837341
28037,725710.7865,1.4225302,-0.34239432,0.3816013
28038,725736.3544,1.4245688,-0.34062341,0.3763601
28039,725761.9223,1.4218924,-0.32381305,0.3798816
28040,725787.4905,1.4185255,-0.33405663,0.3898236
28041,725813.0584,1.4197597,-0.32391533,0.3850369
28042,725838.6263,1.419854,-0.30175182,0.3797579
28043,725864.1946,1.4147562,-0.2803632,0.3858863
28044,725901.7941,1.4132163,-0.259666,0.3825472
28045,725927.8641,1.4148158,-0.2717971,0.3829831
28046,725953.4313,1.4125553,-0.2680502,0.3870811
28047,725978.9996,1.4083152,-0.2612708,0.3946108
28048,726004.5678,1.4076301,-0.2746574,0.4006205
28049,726030.1354,1.4095252,-0.2757138,0.396632
28050,726055.7043,1.4092442,-0.2815618,0.3990583
28051,726081.2722,1.410145,-0.298622,0.4016947
28052,726106.8398,1.4091794,-0.30075523,0.4044049
28053,726132.4077,1.408476,-0.2994294,0.4056564
28054,726157.9756,1.4111334,-0.2989522,0.3995316
28055,726183.5442,1.403892,-0.2800517,0.4105991
28056,726209.1114,1.4048761,-0.2636891,0.40326
28057,726234.68,1.4070534,-0.2411676,0.3899055
28058,726260.7489,1.4039718,-0.2296051,0.3921744
28059,726286.3172,1.4033841,-0.2460996,0.4002649
28060,726311.8851,1.4045734,-0.2574197,0.4017687
28061,726337.4526,1.4066075,-0.2579366,0.3973424
28062,726363.0209,1.4069904,-0.2556684,0.3956472
28063,726388.5895,1.4069291,-0.2616194,0.3979076
28064,726414.1574,1.4075567,-0.265352,0.3977572
28065,726439.7249,1.4108407,-0.2673186,0.3908516
28066,726465.2928,1.409211,-0.2664284,0.3943272
28067,726490.8607,1.4124134,-0.2639721,0.3860033
28068,726516.4286,1.4124203,-0.2620172,0.3852925
28069,726541.9969,1.4122953,-0.2633576,0.3860654
28070,726567.5655,1.4112022,-0.2613729,0.3879344
28071,726593.1327,1.4154099,-0.2618479,0.3780724
28072,726618.7006,1.412585,-0.2621671,0.3849554
28073,726644.2692,1.4146297,-0.2631851,0.3804396
28074,726669.8371,1.418834,-0.2672295,0.3716397
28075,726695.4046,1.4165797,-0.2640775,0.3760408
28076,726720.9729,1.4188986,-0.2695336,0.3722953
28077,726746.5411,1.4224922,-0.2707437,0.3637319
28078,726772.1087,1.4219825,-0.2700814,0.3647868
28079,726797.6769,1.4213327,-0.2743714,0.3679179
28080,726823.2441,1.4213152,-0.2724494,0.3672997
28081,726848.8124,1.4223216,-0.2814673,0.3677945
28082,726874.3806,1.4220453,-0.2796173,0.3678866
28083,726899.9485,1.4242581,-0.2791078,0.3621215
28084,726925.5168,1.4291114,-0.286031,0.3517998
28085,726951.085,1.4298559,-0.2888311,0.350727
28086,726976.6526,1.4307871,-0.2930428,0.3495649
28087,727006.7325,1.4307913,-0.2897649,0.3485339
28088,727032.3012,1.4340733,-0.2890942,0.3394216
28089,727057.8691,1.4333665,-0.2929073,0.3425761
28090,727083.4366,1.4352471,-0.2864042,0.3352742
28091,727109.0048,1.4369616,-0.2915836,0.3321884
28092,727134.5724,1.4372302,-0.2944738,0.3323613
28093,727160.1406,1.4419265,-0.30334502,0.3216088
28094,727185.7089,1.4429107,-0.30312484,0.3186448
28095,727211.2764,1.4457618,-0.30458847,0.3105337
28096,727236.8447,1.4451433,-0.30297198,0.311913
28097,727262.4122,1.4441277,-0.31158245,0.3174987
28098,727287.9805,1.4456403,-0.30471591,0.3109428
28099,727313.5484,1.4441545,-0.31078898,0.3171968
28100,727339.1166,1.4502941,-0.31288932,0.2989193
28101,727364.6845,1.4497918,-0.31545127,0.3012426
28102,727390.2524,1.4497918,-0.31545127,0.3012426
28103,727415.8203,1.4543918,-0.31854385,0.2872303
28104,727441.3886,1.4555269,-0.31964585,0.2837453
28105,727466.9565,1.4549179,-0.31428441,0.2842267
28106,727492.524,1.4550475,-0.31565192,0.2842
28107,727518.0923,1.4563994,-0.31597645,0.2797149
28108,727543.6605,1.4564286,-0.31973209,0.2807159
28109,727569.2281,1.4571396,-0.31288694,0.2762161
28110,727594.7967,1.4562829,-0.2956798,0.2732036
28111,727620.3642,1.4592991,-0.2989471,0.2636923
28112,727645.9321,1.4154463,-0.31532991,0.3934323
28113,727671.5004,1.3537893,-0.33311062,0.5163038
28114,727697.0683,1.2710187,-0.40473769,0.636795
28115,727722.6365,1.2710187,-0.40473769,0.636795
28116,727748.2041,1.2710187,-0.40473769,0.636795
28117,727773.7723,1.2710187,-0.40473769,0.636795
28118,727799.3406,1.2710187,-0.40473769,0.636795
28119,727824.9085,0.7813573,-0.5469944,0.9482777
28120,727850.4767,0.7813573,-0.5469944,0.9482777
28121,727876.0443,0.52899426,-0.43478824,0.998974
28122,727901.6122,0.3369086,-0.36194011,0.9858766
28123,727927.1801,0.1849782,-0.44255202,0.9481301
28124,727952.748,0.0234196,-0.4294772,0.8786367
28125,727978.3159,0.0285396,-0.4504801,0.8804412
28126,728003.8841,0.0293612,-0.46248687,0.8801105
28127,728029.4517,0.011664,-0.48702403,0.8683057
28128,728055.0199,-0.0289808,-0.48635569,0.8442287
28129,728080.5882,-0.0422879,-0.48017316,0.8363588
28130,728113.676,-0.0062473,-0.49904642,0.8566816
28131,728139.7456,-0.0065531,-0.49840722,0.8565746
28132,728165.3132,0.0205112,-0.48870497,0.8730533
28133,728190.8814,0.0200068,-0.4894684,0.8726981
28134,728216.4493,0.0211751,-0.48868568,0.8734195
28135,728242.0169,0.0080545,-0.48765988,0.8662018
28136,728267.5851,0.0087511,-0.48974296,0.8663837
28137,728293.1537,-0.0469184,-0.46265286,0.8348382
28138,728318.7216,-0.0849572,-0.44695638,0.8097037
28139,728344.2906,-0.0833026,-0.44545172,0.8109822
28140,728369.8581,-0.0899513,-0.43530724,0.8066665
28141,728395.425,-0.0712028,-0.44826656,0.8193886
28142,728420.9929,-0.0844612,-0.4467946,0.8100712
28143,728446.5608,-0.0669619,-0.44978957,0.822238
28144,728472.129,-0.0680918,-0.4490461,0.8215024
28145,728497.6969,-0.0689446,-0.45233366,0.820709
28146,728523.2652,-0.0660579,-0.45202741,0.8227221
28147,728548.8327,-0.038758,-0.4551011,0.8406567
28148,728574.4013,0.0875828,-0.42111302,0.9107504
28149,728599.9689,0.3148771,-0.33699329,0.9806935
28150,728625.5368,0.41783142,-0.2994454,0.9915327
28151,728651.1054,0.6101858,-0.42857256,0.9935003
28152,728676.6743,0.6101858,-0.42857256,0.9935003
28153,728702.2408,0.6101858,-0.42857256,0.9935003
28154,728727.8091,0.6101858,-0.42857256,0.9935003
28155,728753.377,0.6101858,-0.42857256,0.9935003
28156,728778.9449,0.6101858,-0.42857256,0.9935003
28157,728804.5135,0.6101858,-0.42857256,0.9935003
28158,728838.102,1.4237894,-0.0958368,0.2325896
28159,728863.6702,1.4514375,-0.1592941,0.1919047
28160,728889.2381,1.4836352,-0.2431255,0.08861327
28161,728914.806,1.4806003,-0.2739636,0.1501262
28162,728940.3743,1.4812932,-0.283619,0.1533591
28163,728965.9425,1.4789763,-0.2684842,0.1559135
28164,728991.5104,1.4751855,-0.2787969,0.1852654
28165,729017.0783,1.4754599,-0.2914845,0.1915789
28166,729042.6462,1.4743714,-0.2951336,0.1990062
28167,729068.2145,1.4715624,-0.2819378,0.2052506
28168,729093.782,1.4650102,-0.2943978,0.2400073
28169,729119.3496,1.4654394,-0.2848484,0.2338099
28170,729144.9178,1.4665757,-0.2898557,0.2315158
28171,729170.9882,1.4630544,-0.30057911,0.2502835
28172,729196.555,1.462742,-0.2993141,0.2509784
28173,729222.1233,1.4624783,-0.30920025,0.2557164
28174,729247.6919,1.4603569,-0.2993401,0.2599663
28175,729273.2594,1.4608036,-0.3005943,0.2587952
28176,729298.8273,1.4591606,-0.3037545,0.2659842
28177,729324.3952,1.4604784,-0.2983821,0.2591428
28178,729349.9631,1.4634768,-0.31010731,0.2522537
28179,729375.5314,1.4632382,-0.2998144,0.2492699
28180,729401.0996,1.4810736,-0.2982504,0.1647474
28181,729426.6682,1.4770116,-0.2889576,0.1819831
28182,729452.2354,1.476489,-0.2964112,0.1890464
28183,729477.8033,1.4759676,-0.2875678,0.1866713
28184,729503.3712,1.4763502,-0.282844,0.1816998
28185,729528.9391,1.4761043,-0.2729725,0.1763076
28186,729554.5074,1.4768204,-0.2915531,0.1845572
28187,729585.0884,1.4754218,-0.2827209,0.1865426
28188,729610.6567,1.4748498,-0.2849038,0.1908423
28189,729636.2242,1.4757078,-0.30631773,0.1980348
28190,729661.7925,1.4735706,-0.2814877,0.1952309
28191,729687.3604,1.4727854,-0.2920206,0.20501
28192,729712.9283,1.4732296,-0.30063921,0.2072478
28193,729738.4972,1.4750859,-0.30606968,0.2009594
28194,729764.0644,1.4739132,-0.32110927,0.2127661
28195,729789.6323,1.4740196,-0.32009145,0.2118976
28196,729815.2006,1.4740503,-0.32244381,0.2126289
28197,729840.7685,1.472989,-0.31932924,0.2162975
28198,729866.3367,1.4707428,-0.310615,0.222865
28199,729891.905,1.4703988,-0.2828724,0.2112041
28200,729917.4722,1.471165,-0.2857,0.2092227
28201,729951.0614,1.4674327,-0.2802788,0.2230271
28202,729976.63,1.4664004,-0.286747,0.2307466
28203,730002.1982,1.4647049,-0.2760573,0.2323419
28204,730027.7654,1.4658219,-0.2823016,0.2309439
28205,730053.3333,1.4668287,-0.2927412,0.2318141
28206,730078.9012,1.4663564,-0.2924399,0.2336372
28207,730104.4695,1.4665102,-0.2975815,0.235306
28208,730130.0374,1.4654676,-0.30067528,0.2408459
28209,730155.6053,1.4661358,-0.3007134,0.2381676
28210,730181.1735,1.4667871,-0.30104625,0.2356498
28211,730206.7414,1.4643143,-0.293768,0.2425141
28212,730232.31,1.4640477,-0.2932739,0.2433553
28213,730257.8776,1.4637722,-0.2854063,0.2408559
28214,730283.4455,1.462947,-0.2811643,0.2420969
28215,730314.0265,1.4638641,-0.2818132,0.2387428
28216,730339.5951,1.4613937,-0.2771255,0.2462197
28217,730365.163,1.4581354,-0.2756681,0.2579109
28218,730390.7306,1.457182,-0.2709289,0.2591202
28219,730416.2988,1.4564108,-0.2674392,0.2602043
28220,730441.8667,1.4550625,-0.2738687,0.2682284
28221,730467.4353,1.4567218,-0.2886694,0.2688662
28222,730493.0029,1.4569039,-0.2883618,0.2680891
28223,730518.5708,1.4557585,-0.2916047,0.2734526
28224,730544.1383,1.4542516,-0.2943462,0.2797164
28225,730569.7069,1.4520599,-0.292016,0.2862195
28226,730595.2745,1.4526673,-0.2822792,0.2802978
28227,730620.8427,1.4522417,-0.2810591,0.2812275
28228,730646.4103,1.4494731,-0.2790209,0.2895948
28229,730671.7772,1.4475201,-0.2712628,0.2926301
28230,730711.3828,1.4484725,-0.2764611,0.291784
28231,730736.9507,1.4464091,-0.2820319,0.3006545
28232,730762.5186,1.4456549,-0.2840927,0.303813
28233,730788.0865,1.4440132,-0.28558,0.3094304
28234,730813.6547,1.4441794,-0.2853564,0.3088397
28235,730839.223,1.4423491,-0.2893315,0.3158016
28236,730864.7905,1.4442295,-0.30113719,0.3140971
28237,730890.3587,1.4457838,-0.30031857,0.3091223
28238,730915.927,1.4471372,-0.2964935,0.3036734
28239,730941.4953,1.4466934,-0.2940646,0.3042193
28240,730967.0624,1.4463752,-0.30060445,0.3073998
28241,730992.6303,1.4455363,-0.2955198,0.3082938
28242,731018.1982,1.4453823,-0.2859097,0.3053454
28243,731052.7907,1.4477564,-0.2856936,0.2978119
28244,731078.3586,1.4452138,-0.2867352,0.3061732
28245,731103.9268,1.4441053,-0.2862568,0.3093994
28246,731129.4944,1.4472243,-0.2945221,0.302722
28247,731155.0623,1.4481405,-0.2847456,0.2962195
28248,731180.6305,1.45219,-0.2909177,0.2853687
28249,731206.1984,1.4498361,-0.2918925,0.293469
28250,731231.7663,1.4502983,-0.2894417,0.2910496
28251,731257.3342,1.4532175,-0.2964779,0.2840067
28252,731282.9025,1.453104,-0.3046472,0.2872298
28253,731308.4711,1.4529755,-0.2865948,0.2810288
28254,731334.0382,1.4524622,-0.2903395,0.2842366
28255,731359.6061,1.4539329,-0.2845415,0.2769139
28256,731385.6783,1.4562092,-0.2919241,0.2719996
28257,731411.2441,1.4576409,-0.2877075,0.2651685
28258,731437.313,1.4579683,-0.2928199,0.2661
28259,731462.8809,1.4593421,-0.2981161,0.2632159
28260,731488.4492,1.4587689,-0.30229558,0.2668632
28261,731514.0167,1.457971,-0.2922837,0.2658733
28262,731539.585,1.4578997,-0.2947688,0.2671232
28263,731565.1532,1.4586322,-0.2964255,0.2651352
28264,731590.7204,1.4589267,-0.2960721,0.2639294
28265,731616.289,1.4610823,-0.2925135,0.2544948
28266,731641.8569,1.4608783,-0.2921942,0.2551286
28267,731667.4255,1.460883,-0.2904055,0.2543484
28268,731692.9931,1.4625023,-0.30856624,0.2554004
28269,731718.561,1.4623042,-0.30705575,0.255601
28270,731744.1289,1.4625508,-0.30339115,0.2533038
28271,731769.6968,1.4627526,-0.2976926,0.2502816
28272,731802.2835,1.4628999,-0.2950638,0.2486208
28273,731827.8521,1.4613822,-0.29585,0.2547495
28274,731853.4197,1.461379,-0.2855919,0.250322
28275,731878.9879,1.4638072,-0.30112097,0.2475862
28276,731904.5565,1.4618664,-0.2960975,0.253016
28277,731930.1234,1.4616851,-0.2916941,0.2518568
28278,731955.6916,1.4613295,-0.2930515,0.253787
28279,731981.2602,1.4629042,-0.2958949,0.2489533
28280,732006.8274,1.4599084,-0.2808465,0.2537289
28281,732032.396,1.4599288,-0.2815559,0.2539839
28282,732057.9636,1.4614227,-0.2793042,0.2471814
28283,732083.5311,1.4650275,-0.2811885,0.2336785
28284,732109.0993,1.4624157,-0.2802755,0.243767
28285,732134.6672,1.4630177,-0.2787097,0.2405939
28286,732169.7604,1.4624628,-0.2670299,0.2366103
28287,732195.3283,1.4604248,-0.2708737,0.2468009
28288,732220.8972,1.4595627,-0.2741782,0.2518106
28289,732246.4644,1.4578915,-0.2727048,0.2573716
28290,732272.033,1.459232,-0.2775353,0.2547087
28291,732297.6013,1.4601679,-0.2769802,0.2508864
28292,732323.1688,1.4612973,-0.2818387,0.2488883
28293,732348.7367,1.4622546,-0.2847468,0.2465423
28294,732374.3043,1.4618822,-0.2838628,0.247578
28295,732399.8729,1.463202,-0.2925815,0.2463804
28296,732425.4408,1.4615843,-0.2797433,0.2467674
28297,732451.0083,1.4626281,-0.2951651,0.2497135
28298,732476.5762,1.4636328,-0.287058,0.2421896
28299,732502.1445,1.4626051,-0.2871418,0.2462819
28300,732538.7415,1.4624214,-0.2870419,0.2469527
28301,732564.3094,1.463799,-0.2955279,0.2453101
28302,732589.8777,1.4649091,-0.2978409,0.241897
28303,732615.4459,1.4645701,-0.2907628,0.2401493
28304,732641.0138,1.4662154,-0.31127495,0.2419834
28305,732666.5817,1.4661567,-0.3122168,0.2425604
28306,732692.1496,1.467106,-0.2962896,0.2322714
28307,732717.7175,1.4670056,-0.2872013,0.228422
28308,732743.2854,1.467312,-0.2960844,0.23132
28309,732768.854,1.4670815,-0.30234075,0.2349807
28310,732794.4216,1.4673371,-0.2987889,0.232412
28311,732819.9895,1.4683758,-0.2900598,0.2239676
28312,732845.5577,1.4683033,-0.288722,0.2236198
28313,732871.126,1.4677323,-0.2912493,0.2273054
28314,732901.2056,1.4675942,-0.2924816,0.2284757
28315,732927.2749,1.4695106,-0.2860878,0.2169639
28316,732952.8432,1.4675449,-0.2844649,0.2247409
28317,732978.4111,1.4680929,-0.2835016,0.2218653
28318,733003.9797,1.4672568,-0.2797014,0.2234786
28319,733029.5476,1.4666023,-0.2791847,0.2260174
28320,733055.6158,1.4659929,-0.2803318,0.2292105
28321,733081.1851,1.4668016,-0.2899955,0.230637
28322,733106.752,1.4670027,-0.30283834,0.2355114
28323,733132.3199,1.4672463,-0.35296578,0.249444
28324,733157.8881,1.4597372,-0.48010391,0.2692356
28325,733183.456,1.4292414,-0.6215618,0.2956703
28326,733209.0246,1.283084,-0.9656181,0.2585644
28327,733234.5918,1.283084,-0.9656181,0.2585644
28328,733260.1608,1.283084,-0.9656181,0.2585644
28329,733286.2305,1.283084,-0.9656181,0.2585644
28330,733311.798,0.8950876,-1.2879744,0.2353876
28331,733337.3652,0.8255939,-1.1206784,0.2152673
28332,733362.9331,0.7643987,-1.152315,0.1522809
28333,733388.502,0.7643987,-1.152315,0.1522809
28334,733414.0703,0.7643987,-1.152315,0.1522809
28335,733439.6375,0.7643987,-1.152315,0.1522809
28336,733465.2054,0.54075272,-1.1972578,0.06177539
28337,733490.774,0.56706503,-1.1930912,0.09629184
28338,733516.3415,0.58922492,-1.1879172,0.1267225
28339,733541.9087,0.56489027,-1.1926633,0.1020244
28340,733567.4773,0.59657156,-1.1876167,0.1236417
28341,733593.0456,0.611079,-1.1848297,0.1333109
28342,733618.6145,0.6264143,-1.1824797,0.1369414
28343,733644.1817,0.7363126,-1.1592705,0.1547782
28344,733669.7493,0.7363126,-1.1592705,0.1547782
28345,733695.3172,0.7363126,-1.1592705,0.1547782
28346,733720.8854,0.7363126,-1.1592705,0.1547782
28347,733746.4533,0.7363126,-1.1592705,0.1547782
28348,733772.0219,0.7363126,-1.1592705,0.1547782
28349,733797.5891,1.4704,-0.24816951,0.2366509
28350,733823.157,1.4754592,-0.0987369,0.1955127
28351,733848.7249,1.4637332,-0.0417746,0.2149022
28352,733874.2935,1.4596822,-0.0815986,0.2549341
28353,733899.8611,1.4647354,-0.10587078,0.2458159
28354,733925.4293,1.4638205,-0.11729217,0.2533962
28355,733950.9972,1.467284,-0.10318444,0.2344961
28356,733976.5651,1.4660298,-0.13530019,0.250201
28357,734002.133,1.4659289,-0.13309428,0.2500102
28358,734029.2048,1.4641402,-0.13679481,0.2577575
28359,734055.2745,1.464872,-0.16145683,0.2598776
28360,734080.842,1.4487685,-0.0142675,0.2556204
28361,734106.4103,1.4528193,-0.0345555,0.2544864
28362,734131.9782,1.4530633,-0.0212746,0.2443928
28363,734157.5461,1.4582082,-0.0582914,0.2485067
28364,734183.114,1.4558426,-0.0542081,0.2551659
28365,734208.6826,1.4570708,-0.0605887,0.254126
28366,734234.2505,1.456828,-0.0568694,0.2529705
28367,734259.818,1.4577318,-0.0523378,0.2468717
28368,734285.3863,1.456674,-0.0482652,0.248498
28369,734310.9542,1.4552085,-0.0517742,0.2561363
28370,734336.5224,1.4556795,-0.0459649,0.2508981
28371,734362.09,1.4545341,-0.0487693,0.2568933
28372,734387.6582,1.455337,-0.0492799,0.2541941
28373,734413.2265,1.4573014,-0.0599733,0.2529164
28374,734438.7947,1.4585847,-0.0684737,0.2526188
28375,734464.3623,1.4631997,-0.10687872,0.2521407
28376,734489.9305,1.4646709,-0.0986835,0.2431972
28377,734515.4981,1.4631816,-0.102622,0.2505971
28378,734541.066,1.4637986,-0.10464932,0.2489996
28379,734566.6342,1.4649454,-0.10342458,0.2440361
28380,734592.2021,1.4659761,-0.0989436,0.2380707
28381,734617.7707,1.4653668,-0.0990164,0.2405605
28382,734643.3376,1.4639872,-0.11270231,0.2512126
28383,734668.9058,1.4641814,-0.1096852,0.2493941
28384,734694.4741,1.4647891,-0.0899865,0.2389125
28385,734720.0416,1.4635679,-0.10009705,0.2481064
28386,734745.6102,1.465287,-0.0910438,0.2373809
28387,734771.1781,1.464422,-0.0988145,0.2442365
28388,734796.7457,1.4637447,-0.0849458,0.2407463
28389,734822.3146,1.4646747,-0.0851978,0.237115
28390,734847.8822,1.4661428,-0.0950607,0.2357031
28391,734873.4497,1.4660535,-0.0859455,0.2318026
28392,734899.0183,1.4678248,-0.0883954,0.2255208
28393,734924.5855,1.4667616,-0.0994868,0.2350937
28394,734950.1538,1.4687238,-0.10096491,0.2275216
28395,734975.7213,1.4678637,-0.0860583,0.2241814
28396,735001.2899,1.4674087,-0.0859948,0.2261046
28397,735026.8582,1.4649605,-0.0934565,0.2397916
28398,735052.4257,1.4636084,-0.0875578,0.2425196
28399,735077.9936,1.4636716,-0.0776926,0.2374397
28400,735103.5626,1.4638814,-0.0754163,0.2353965
28401,735138.1536,1.4632707,-0.0709047,0.2354656
28402,735163.7215,1.4669373,-0.0842789,0.2272466
28403,735189.2897,1.4671128,-0.0814855,0.2250485
28404,735214.8583,1.4665098,-0.0798799,0.2267816
28405,735240.4255,1.4658182,-0.0764487,0.2278825
28406,735265.9934,1.468524,-0.0882063,0.2224039
28407,735291.5617,1.4657428,-0.0847928,0.2325258
28408,735317.1299,1.4651961,-0.0719517,0.2280353
28409,735342.6978,1.4660186,-0.0933487,0.235444
28410,735368.2661,1.4659367,-0.086227,0.2324271
28411,735393.8336,1.4646443,-0.0843577,0.2368293
28412,735419.4019,1.4679505,-0.0725409,0.2163929
28413,735444.9705,1.4675462,-0.0840164,0.2245044
28414,735470.5373,1.4669341,-0.0839798,0.2271076
28415,735498.1109,1.4687096,-0.0751896,0.2145326
28416,735523.6802,1.4663827,-0.084044,0.2294747
28417,735549.2477,1.4659392,-0.0871435,0.2328624
28418,735574.8149,1.4678175,-0.0790611,0.2206876
28419,735600.3835,1.4674942,-0.0866247,0.2260552
28420,735625.9511,1.4684788,-0.0997833,0.228047
28421,735651.519,1.4680937,-0.0958611,0.2279246
28422,735677.0865,1.4673671,-0.0980789,0.2319762
28423,735702.6551,1.4678292,-0.0968137,0.2294766
28424,735728.223,1.468422,-0.0957545,0.2264768
28425,735753.7909,1.4668565,-0.0869131,0.2289102
28426,735779.3592,1.4684545,-0.0938715,0.2254612
28427,735804.9267,1.468061,-0.0962247,0.2282294
28428,735830.4946,1.467257,-0.0964144,0.2316979
